6.6743e-11 400 10000
100000
33.882916300719614 52.24329244007856
-0.4088243721197413 0.20103738505874214
100000
54.98172735370571 -19.955068131344845
0.7599460391502624 -0.11133661476677459
100000
-34.41748596715534 -67.46177795342128
0.2806139978475013 0.19526417906882831
100000
-4.449062572423173 56.85831602432219
-0.4229114736105537 0.543388614358526
100000
-93.70438303851454 -7.1022119428371155
0.003161420110006974 -0.7969959108791027
100000
-3.426605526824858 -32.464582341663075
0.7619881182659332 0.2945243920714442
100000
-25.236882233837022 -57.08919757220079
0.7054488885275032 -0.48671987314778015
100000
-38.43981008138564 60.325052482523745
-0.4971847832171703 -0.5946795929431659
100000
-61.09966268750868 27.34400418488279
-0.5593540573620621 0.6301425861000649
100000
-74.68847133270091 84.53121139850609
0.44518066581241156 0.775328173290059
100000
3.9533252140259805 -39.420511289057835
-0.5367214281750732 0.7041098813027946
100000
-33.659168219145215 -2.1390054963133025
0.5473200384207271 0.07889602808352747
100000
58.26494653406883 -57.02613870826427
-0.4954624764792227 0.711287571229916
100000
59.1105468517363 71.66507406987387
0.3199467350596388 -0.7242352361026362
100000
-39.06489834979405 -36.921449460447
0.5082561715713851 -0.06987638263865725
100000
-25.497879739399437 -15.83738817791722
-0.29283534426573254 0.1404307618098004
100000
-25.093749660338574 -24.290675436076597
-0.169545182755226 -0.43273001821515145
100000
55.62912197795285 44.84286908827917
0.1505084764493244 0.7374007051489129
100000
1.6588803340103624 35.67707228645591
-0.012471576072625945 0.01914799733395789
100000
-22.312005378527004 10.431601034835424
-0.7842652107477778 0.04204771136014407
100000
57.61469834847847 -65.31193777543362
-0.2529240465320364 0.29613641990861495
100000
-60.603076035803525 -8.962357462106525
0.4488354166823858 -0.3902455501965749
100000
-88.51488131411658 91.9082279444975
-0.07672473358303633 -0.0829663245150819
100000
29.046997499710358 17.270760900076468
-0.5344965887661834 0.43486764980462844
100000
-24.38270751647036 31.165074139794626
-0.10734260242331362 0.4319929210875617
100000
-66.76867899956109 42.155474585270326
-0.7823335519726737 0.1530978706482935
100000
-84.56887300334313 -78.21466977494006
-0.6760388385171329 0.32736174238331106
100000
80.62427550120245 -57.40479796203503
0.3087455978077649 0.6562369112176156
100000
-47.414195487393805 -7.248585745945178
0.07368412332996443 -0.6884286982308103
100000
31.35071299938454 79.66552441422033
0.18580056614532992 -0.08867555669742089
100000
-33.246994796625785 67.96982002132998
-0.23310866627242033 0.5031513403755716
100000
-27.343978463315736 -98.97830624283242
0.033762801526628805 0.04739879284688375
100000
-68.62841348929422 -6.434544608283588
0.16757765657582802 -0.29050390325439446
100000
-43.06383073842204 94.57702234594655
-0.03695141327994289 -0.6599449324173062
100000
-62.635231268325484 95.7516315903762
-0.6840487632819526 0.02388615252686499
100000
9.48206234478053 85.69670858492216
-0.5445438090024421 -0.7818147624067043
100000
32.369763937906725 -67.8465328169288
-0.1021476368897567 0.2658509258329571
100000
-42.583995744925 22.40715887955116
-0.4026662082967374 0.6767658370951024
100000
38.191686944587104 2.1173743542289856
0.19059826932854607 -0.11690475025035796
100000
56.88610874162174 -90.22177497710426
-0.007582848636290329 -0.7110386458793825
100000
-70.45176957433223 80.05579645630422
0.6472841976050803 0.6899211516773451
100000
81.01454838414577 71.07302796153735
0.1494973725514388 -0.18933131370318235
100000
-5.0754876524942745 -96.38794200367711
-0.40305270275907046 0.03129807889546399
100000
9.098975396572058 -40.06368137782517
-0.6363040106959087 -0.6495765515514611
100000
-2.7706916565417288 85.91107206290673
0.10613211331683914 -0.6204478496698713
100000
90.57714555821426 -53.793419757156194
-0.7606103068681196 -0.49158378782613
100000
-5.440164479075321 34.343590247964585
0.11559080850503167 0.7696593149346176
100000
-34.98411263423297 -21.270928657694867
-0.6508080057569714 -0.6768903858385562
100000
16.640343898853644 72.43385455155277
0.05818169088666569 -0.4819920201790071
100000
-58.98306741926553 57.783021825353615
0.2343348867100985 0.4114407991477824
100000
11.943164564823562 15.77232718073951
-0.5570311535993837 0.7714951859581809
100000
-80.02276726833497 -26.23723760334626
-0.10608604538184063 0.28771242141573383
100000
5.4928123581771615 -35.34357541450244
0.17959060612193145 0.2890808859191196
100000
-28.95304020650697 20.39077030676539
0.24891109427628666 0.005935912495613094
100000
26.433335822307242 39.63890154167308
-0.2589658217051092 -0.1346487340492335
100000
-96.35486782366407 21.92616596523112
-0.24131117407045133 0.032336153495226894
100000
-72.80173864130848 -96.43380558695827
0.08150401332560553 -0.5089332361143932
100000
-60.046114925380344 71.70085034488602
-0.7980786076218721 0.7374215272039195
100000
20.306261494655686 0.14702314951979645
0.5717899274298393 0.6628783643997942
100000
-46.78172832157168 -92.06283239593458
0.13843422414380258 -0.19404605050916324
100000
-63.81680531570106 -37.72496880840046
0.5681137098049514 0.7643204563321842
100000
-13.017972876891662 -76.61260345876218
-0.3887941140221962 0.47710257941847245
100000
-55.87046907627029 -37.85840689396829
0.729921968642439 0.7410109866844852
100000
-37.3663797395946 -79.53627215361057
-0.7986358844317677 -0.5532996404906565
100000
-25.979051767509915 -15.845393631063189
0.36997333800906906 0.461389698335817
100000
-42.61821562456887 47.4975262909021
0.6700995362276776 -0.33938285658228634
100000
-29.503338848067415 42.81185345980643
0.5811202336596877 -0.2212895684303201
100000
79.93071676242073 -10.438882544069969
0.07498561759221067 0.24038720353667564
100000
-33.755892599049005 -73.3194226262077
0.10041886677918899 0.19506190310901828
100000
61.86435934643407 -92.87378613636324
-0.18488153968910515 -0.28218860084177244
100000
-6.514233991517784 -4.669051079013656
-0.5268740276473058 -0.28698297283306273
100000
-54.369241213632336 59.35491759713389
-0.5080223597403355 -0.21924456946123028
100000
77.28496779250341 89.65746514363451
0.003719198151073355 0.5586654150323371
100000
0.010164602843488524 -20.145338720547116
-0.4328472268386765 -0.624029478612995
100000
64.606829535555 -62.38540309526217
-0.1960086107469119 -0.1731629401941699
100000
-45.954440400464435 39.89891934220586
-0.4230946393618247 0.13738486272691508
100000
76.73206200132637 -98.23872627583448
-0.6435867176005692 -0.12425618055420817
100000
-43.519912571026744 74.6211590305042
-0.720278469889149 -0.4750812948891072
100000
-3.0993442283200068 20.664288661735043
-0.4255320272832277 -0.5631023376453973
100000
22.030051259686573 79.02247909641798
0.3154964036080872 0.13674901377167448
100000
-0.5127142577576791 -31.412415071050575
0.6073171048540449 0.5135818525853069
100000
-75.58693159858201 67.65664001437523
-0.46928741633990523 -0.582890232579876
100000
44.123942405548064 -42.82139995210454
-0.742663528315188 -0.6489972820756456
100000
66.28488496055411 -69.11389977378919
-0.1735230203455007 0.7978811528383529
100000
31.190798635044445 -64.13224037650573
-0.7144556741412593 0.05669835305408544
100000
85.00795070635922 -47.78136106191955
-0.10672741638756134 -0.3209271932770655
100000
-59.096851743983024 -27.355973645160248
-0.4474167614563035 -0.1588681665873597
100000
20.739227543341215 17.153496818949293
0.5364430500511865 0.3645272516301037
100000
93.2522988320298 -90.83034092488981
0.6755847697910271 -0.18795551307615987
100000
-87.37443851489425 69.28931747997638
0.365755709234008 0.18541062869421
100000
83.92026161733872 42.82764808208225
-0.6748578228581126 -0.006494974102099982
100000
-85.68502035064705 -15.683004350655239
0.5498329764201402 -0.07340895305387962
100000
-29.40293591505403 76.51118996775986
-0.10142949599723905 0.6760535862266122
100000
21.66782326989876 81.7715928952235
0.1384239190989185 0.6140016023322032
100000
-20.37087154867187 -29.4978458626493
-0.11216101534848144 -0.5771264155701383
100000
-68.994684521066 11.262236582789157
-0.15494820753499838 0.5268918667018818
100000
-3.712478922240763 -2.895874025509059
-0.44230141108600685 0.6492667365889999
100000
-40.46573694586342 69.62955049539775
-0.3722311154712456 0.2304016599381289
100000
-47.94076640153513 -55.90314761610586
-0.008051232532332309 -0.24668833903803156
100000
-24.939567417436677 -44.53912546027825
0.634551814055285 0.3596669518155866
100000
83.15309692720999 73.99822878603447
-0.7378984127418593 -0.7257518103167993
100000
12.591399689153121 -57.2422280260467
-0.7726752717273648 -0.44755018410444447
100000
40.762382911654896 34.64712936772409
-0.794357679264644 0.5732762576458581
100000
-14.92417041897265 32.84107071834964
0.6877736682144933 -0.3110285131161028
100000
-4.536986485337138 -31.24350290408651
0.6058515045760535 0.003196677988589025
100000
-69.46501743534219 -43.28279017975682
-0.3070428079446572 -0.3358894090043936
100000
80.55757659820566 85.36347340435867
-0.1812451819149008 -0.12406543304084872
100000
25.703654971530668 -92.14341240324953
0.6398506013402789 0.1369235646236756
100000
49.64314454502778 14.594852352481439
0.7411913073637393 -0.613121100932621
100000
75.29575806303134 -68.80470718979905
-0.06265616640927585 -0.24678762080953953
100000
31.49962998918832 99.60773883087293
-0.5998991881777826 0.572413675879023
100000
76.5962905350024 -49.22451327488986
0.5400970607424194 0.050204236242143985
100000
90.87905267893558 -51.621288859218126
-0.6594549653857262 -0.6003407329105489
100000
24.01928340044195 82.06268400352124
0.5258801798664137 0.13602680422393532
100000
-60.786456009735886 -98.30377167423423
-0.4892343832718032 -0.5694057887355192
100000
18.64276572741082 23.530868884452445
0.2837789647770994 -0.5139692990378983
100000
82.84827215600754 3.0781332755502717
-0.7053468868787456 0.49297699494365266
100000
4.127647109341083 -12.926628163355034
0.7773073127923806 -0.06504989407668271
100000
-85.31643200320467 40.228138022958234
0.551747522746967 -0.6859103755026921
100000
-87.90261239300736 1.2115510861575558
0.5630202215421785 0.404034126691142
100000
-20.732478755434627 -49.367932753508995
0.17318502796270052 0.40950744855308185
100000
-13.849310440458979 78.02048588353637
0.5836502279114 -0.7077823449086269
100000
73.81126421148261 -72.82268775028967
0.4790312732379758 0.2316556954595539
100000
91.80932325552118 16.2683952862847
0.5705835815275242 -0.12022723877859387
100000
31.556697084895603 -23.4690899858049
0.5376182794848396 -0.7516932554546316
100000
9.988427336616823 -25.254702392898437
-0.09624811644557629 -0.726935444252383
100000
-49.00983820095253 -42.40450702459666
-0.029857150333045923 0.24928566026534837
100000
-79.80346848512954 24.31085151427233
-0.377460829636458 0.595388080700261
100000
-95.72230482486945 -95.6419259588854
-0.6867499551624912 -0.7667763824443509
100000
46.296939113466635 67.04528339046851
-0.3473026219344778 0.013310031883984719
100000
74.93900232952672 -22.287041590198186
-0.5293956143072418 -0.39042248741308755
100000
8.892892276912193 -48.342815071597414
0.5185878287677372 0.6410919694102419
100000
-14.980941136827013 41.700119698424004
0.06539182723812798 -0.1880659058756491
100000
80.27920304448267 10.826850943765436
-0.389062731665541 0.7332348642355895
100000
-33.40345869139453 0.3889572917344992
0.4255047983909568 -0.45099029233390237
100000
-79.04781355833606 -95.57210156223144
-0.5785821293682217 0.3296679550723143
100000
-8.728653256933683 45.67088025071831
-0.7788543873436451 0.012458739277602882
100000
-30.272337642522487 -96.28948199532927
0.5490831687042899 0.016708818758071287
100000
-80.48180365731386 38.90467558774415
0.24980750785856443 -0.30874088413203504
100000
-6.329704362138571 81.81030895572155
0.6857361640952586 0.5255383718344468
100000
84.38596949095867 -73.13621584513912
-0.7727650972553136 -0.03319024992422592
100000
87.28008570104217 -58.503469129891215
-0.30887357756247574 -0.6451740191653988
100000
76.6691866201987 -65.52583621271631
0.32838678384923403 0.2943596478603223
100000
-25.9988076057613 -81.27508683795116
0.47475056579914354 0.5954422005559075
100000
11.855942096799183 -76.57877338586255
-0.02921484987288958 -0.6251315897731564
100000
56.01838775674918 -46.35195325087209
-0.31017704519463474 -0.13486755822059016
100000
42.85937793068686 37.71074658934461
-0.2892618811007822 0.006111262329250744
100000
70.69978360431071 69.09621808056917
-0.03682066585628563 -0.19588546391158768
100000
50.77011831994281 -6.4567457286400725
0.29111108069483116 0.78774421489231
100000
-65.26919055731017 -16.971265181554756
-0.10201135942418704 -0.4780463879402211
100000
21.751188558008124 -18.84373848587275
0.6923651656380496 -0.7306920471791383
100000
-88.3676247282775 43.9740069392484
0.6560543210163332 0.4738928649858838
100000
-31.058250104362784 -40.80482300173933
0.26932130099164153 -0.017413661852955564
100000
15.819084709122052 -79.96235008036017
0.6031539572129174 -0.7683857394187426
100000
-65.11927292224809 -4.6973988957475825
0.3233745073830785 -0.28035049400674417
100000
82.20041205961928 -48.610476511563405
0.53711434966458 0.7456143319845887
100000
32.83173187445817 42.73642343832813
-0.6809564354973635 -0.48624340348149464
100000
-64.90141475604744 27.19580780267981
0.30707926096660754 -0.6572315699642367
100000
-58.68653972496327 19.209276430783632
-0.4667286723939169 0.48281271776255497
100000
-43.69498875994267 94.77312883299601
-0.3941685980344751 -0.2586350917777752
100000
9.63271959126007 23.24581805817749
-0.603293094727826 0.7054422622951513
100000
-13.246430289258228 40.777977142738905
0.7900172683519948 -0.6501470769529007
100000
-91.28562722298207 16.267936215974686
-0.15294165002435722 -0.03258135821452046
100000
34.869281280723584 26.754352343994015
-0.6181963580176838 -0.32021199027520275
100000
20.757302809723072 10.94944819649983
0.5061975475903602 -0.5212000570783897
100000
55.564517704605805 16.760554051737955
0.6401362296393931 0.6197797823750237
100000
52.636840992524526 -44.785362276993745
0.3975617764651629 -0.636777517139975
100000
56.384666965371935 67.29895738664109
-0.014123308230891807 -0.2559722899844843
100000
-18.183925376723863 39.92418007462149
0.4042377703613207 -0.037230744291020246
100000
-8.10558031343733 77.85417174618726
-0.3982698874940749 0.6936993722090632
100000
28.889287727440262 36.31999338174566
-0.584651432138856 -0.7308957600148638
100000
54.481998069840785 32.71964786146208
-0.2469084332586977 -0.5509838167505878
100000
-74.51964913654665 19.129398066787957
0.6353992711296079 -0.5609691684352255
100000
65.4356204780517 -30.46568283295987
0.39205790490306724 0.4606848106293253
100000
-67.87003194170322 28.56689504187736
0.47353232352448016 -0.07585742341760393
100000
91.11163785217795 83.32379882910425
-0.5832208609942049 -0.3629078686185979
100000
50.268971015827475 -60.93247522277947
0.6351140799395647 -0.17407792388010956
100000
86.06695785723056 -40.16386377048444
-0.2180927006454424 -0.7665458049732913
100000
-90.24763670449374 -82.00936463818911
-0.0848910574676196 0.2649889519545847
100000
-4.88925793473463 -59.14617940356237
-0.7269667102723654 0.47361465922164103
100000
0.2970265996248429 6.533274127634186
0.4714478552417405 0.2896349684170585
100000
-37.48686433459374 -33.087861762672645
0.2466893664391938 -0.09644825029605908
100000
-46.30001675076454 37.95649612386299
0.4498586432064575 -0.2565549055578934
100000
11.642410940552026 75.04922738684982
0.7092146283696525 0.5623847452508437
100000
42.17083706528902 15.719085014067474
0.5216174782280747 0.6959601580395722
100000
-86.02683166364966 17.845275107761765
0.6118682509086828 -0.43812660549464477
100000
3.87556107657376 -85.94557828112758
0.437724021289436 0.7697736741938814
100000
-52.69382585687465 38.45662176228157
0.33624702906822845 -0.36713018636615846
100000
-0.4900164787039927 54.28832700015309
0.6730102877201292 0.7495694889876832
100000
-27.223058554204528 -49.53282317661065
0.44144346534110745 0.44991093433077434
100000
-83.1096357973349 -9.180774331706985
0.18631089439163195 0.11762463637587339
100000
14.010244220651586 41.53355398823115
-0.3209703372228743 0.564197552154792
100000
37.30733215721719 86.33952756215206
0.720531655200888 0.73280414604265
100000
-13.896589857144306 28.997153198296502
-0.1520089330666059 0.7040671991326195
100000
91.0867791820387 -35.95374355728353
-0.15329787510234572 0.5839969598153159
100000
51.40927031257897 -1.7771220923458628
0.322159626453826 -0.20274881344836426
100000
-70.52535793608413 -5.5196980107321565
0.2432334636620237 -0.01489712479959504
100000
98.90230106258693 -45.15676863012914
0.12573520963905493 0.43592014765799036
100000
9.869594391608032 93.78385562494373
-0.18520931248262174 0.5504655787005113
100000
21.60606940074689 99.88024392225344
-0.08821279120716619 -0.4450772977505743
100000
-82.60416787061604 -31.813123768677116
0.2813299188074887 0.4243935256935678
100000
-71.8930009760044 20.168054799575515
-0.2855059202924327 0.39967655712590333
100000
-55.238736913239194 84.73018683088381
-0.33541122614879826 0.5309490656221769
100000
25.85965297671835 14.911262449301262
-0.3468373377164225 0.6409811421494473
100000
-14.846029200949062 -49.89839454272318
-0.4162565856353275 0.06369915415595861
100000
59.29325344244745 -85.19186054024452
-0.6659108599207921 -0.008748311359891958
100000
-63.83021752613989 64.69556097171804
0.010774446762092382 0.14330407676344148
100000
-21.96989308415762 -67.61009830895988
0.24572152341935571 0.4402880412829475
100000
-6.585003063228598 88.60371774054491
0.12388349611183735 0.011109762977842608
100000
-88.6569756396528 -5.83952191126744
-0.0949781654311318 -0.40940373149117204
100000
26.0250889088568 -5.117206578576059
0.49955382400053394 -0.4923351771711506
100000
45.002118256318084 63.04803868969125
-0.4568398132074483 -0.2659909454392697
100000
89.75601664585645 -28.668637705844603
0.34757176361905784 -0.5803784011165463
100000
-89.0448227296923 -21.191019624236034
0.7722994141669697 -0.6595895846194392
100000
-58.07379359192364 -40.375061766742014
0.32673211663791313 0.3843588361627166
100000
75.60532716014984 -43.15235820679722
-0.7827367289693138 -0.59094241848493
100000
75.8371557518009 32.763744475925506
0.4941792658275155 -0.09541011001410271
100000
56.461572705705834 69.88633725684525
0.12107972636711273 -0.1895039572933659
100000
-35.16392237224082 -84.81655075041132
-0.639946719679124 0.015381634741043149
100000
63.84892508586381 -60.506552828304486
-0.38328604250339515 0.3643969781265901
100000
-60.23086307243013 45.34768282281814
0.11777532975836902 0.7966233181160383
100000
-35.21452798368807 31.813049551357153
-0.10021063972439914 -0.5418429451056884
100000
46.26287507179424 73.53001599606321
-0.3073243130111413 -0.2587200026054145
100000
6.74547508969097 25.892262477789572
-0.14581111050978335 0.7714121737572464
100000
-64.71143296750668 96.66358272129446
-0.5989723466289002 -0.6064146031745552
100000
-31.380508182275335 -85.97664064673323
0.28620206163280115 0.6011487987916568
100000
85.25503246016831 0.5512287523831816
0.034720166102014005 -0.3966540612728393
100000
1.084217592077536 14.182583631186091
-0.170344281138458 -0.7071611863877836
100000
96.84182905890773 97.99912200527493
0.7526658409569744 0.7132511084730024
100000
-19.652266414275374 52.518639595000906
0.3195170394030056 -0.37179441080815967
100000
61.87373472712571 76.54621109283951
-0.7691134494528449 -0.41996675079185075
100000
-50.92547602303357 67.89600420151243
0.2642701049257994 -0.13705479383328323
100000
-91.65379202521584 -61.483125150896825
-0.466642100737033 -0.7113566145003514
100000
-16.605006429202533 -55.934165564855796
-0.5248058471434274 0.1632077413965829
100000
-84.6412380454823 -65.488620462547
0.7731375778037932 -0.6369920605705515
100000
-46.49085325118283 91.76485880221682
-0.6791989297363288 0.027117687899843146
100000
81.91035462864284 68.21056733662601
0.45246198872832455 0.39057983022564335
100000
-29.79954674395408 39.062919824974784
0.42575137197545 -0.6586516622623793
100000
60.8365724219982 -36.531919477635185
-0.48317420128943334 0.12652742577343745
100000
-6.182689070653552 69.78207977567291
0.37072596763003673 -0.2982923536861929
100000
-28.75483074920801 57.23980044185845
-0.5126712553453727 -0.5965097430789129
100000
-49.90787475072784 33.883291417224456
0.712643855351009 -0.06285406771755908
100000
-32.33609613406165 -80.13452651648305
-0.6614524352404084 -0.78595155819426
100000
64.30916988332677 -76.99513477228115
-0.15389996293237973 0.5725956372487597
100000
-33.52162609183608 36.62811617065071
-0.03809766128695813 0.08201517489168741
100000
-1.1682340351026852 66.2240064667262
0.23233038091608282 0.46687046270534216
100000
72.64184595819802 -86.10597033687901
-0.7921235910812068 0.6333980651504127
100000
87.8393231108295 -52.819250151286944
-0.6236603788575249 0.3417950829748304
100000
-56.36893487316625 -99.95935895107229
0.7440622231933811 -0.6327845602415357
100000
-61.71677539363447 94.43142405289368
0.5801151173182879 -0.5947043624560737
100000
-43.215987562503265 27.98070012215608
0.6427304033535657 0.3910272743366501
100000
87.86957619936186 54.02777346546648
0.5383452089893772 0.3792921480688354
100000
53.804173994258804 78.12103905616004
0.17569577662626368 -0.038946164637328584
100000
-87.59286415134441 -9.048750599738526
-0.481314682771084 0.1462580411258555
100000
-35.73022955623185 60.802489637273226
-0.04418277359071232 -0.14327209711514255
100000
76.14226733544916 -45.47778192912764
0.018589844425157764 0.7895659396345827
100000
55.99732840932714 -26.373503704115492
-0.21370525557007802 0.06857551037405174
100000
-94.14426557660225 76.07208502503562
0.42796629687431387 0.34084311081821417
100000
84.02929593800883 85.95358723312307
-0.15622839445486458 -0.04721864142459786
100000
-69.64630940334015 -57.92679862737455
-0.19247850282817125 -0.2566694757863769
100000
34.01966275269851 85.02234630871138
0.03371467107251114 0.7426891240171958
100000
73.79296098646529 83.41032887412274
0.5433225841058462 0.42361253196377335
100000
42.11983508676488 7.093809804630368
-0.1450382336726731 0.43926544871247475
100000
-55.126045258777445 -15.943219264197438
0.22274714510240168 -0.5246158808275403
100000
-30.219103078871385 -58.54724218436851
0.12400670172665307 0.2629242070059823
100000
35.95036394328682 -88.22692901076519
0.5414521024270469 -0.36779500275808275
100000
56.07120680280133 -15.402551216142783
0.5227962090884619 0.21313193473513348
100000
25.894272712194024 58.11677292659792
0.311611360770494 0.47202880269416814
100000
-45.30859834918903 -40.547213907026716
0.1909827635639838 0.28164394620914823
100000
-31.54203398783264 72.88677502547469
-0.3716403389709486 0.4567075211928806
100000
-53.23622843365725 -60.87197019390425
-0.08978998654747561 -0.7064132148336079
100000
-25.89947532020203 7.529809992288179
-0.7977475300209778 0.1301677289888673
100000
-5.064509380856137 62.07003331880691
0.28599342655088056 0.07829525589394315
100000
-44.667109204417784 -48.049924286150315
-0.7678660147449154 -0.2272614604464337
100000
-63.334526581239416 -19.925126046379702
0.1998016253426137 0.7836943137779964
100000
97.99871218876157 -67.38706311457132
-0.2988178470883325 -0.10347988632037874
100000
-5.513907553193349 47.06595932106049
0.34258177445269866 -0.3013863411473793
100000
-64.95403153532845 -56.14886875413585
0.24297225999501237 0.6997767044260701
100000
-12.045462761820929 -33.100874628056616
0.38490853479069864 0.6137625725798872
100000
-26.766054622578665 -77.76450328034888
-0.395732613058823 0.4560321438899162
100000
10.063408028690034 -38.72090677474358
-0.5224953241586152 0.15712141210818786
100000
92.00371680916183 12.655191408416286
0.1577845876776417 0.3611826715615727
100000
-53.29189328948678 39.86817734978908
0.007493175961770127 0.5597393152076913
100000
95.15377702581111 16.52951192949898
0.08951327899848249 -0.628373123720786
100000
-65.06062732010832 85.26050763540977
-0.48565427908641645 -0.5382329556249716
100000
55.413352286279235 -77.61222500316975
-0.7555482084774138 -0.5728547896377262
100000
-19.19379610529117 74.27753158216666
0.26450090467389153 0.497481212762126
100000
-65.00234579551116 -70.73821018005002
0.7763436759642885 0.7179329237909522
100000
78.20418112060327 20.90913568885145
-0.4302344764978179 -0.19751350438486204
100000
-65.37308203393373 -3.9741823327328376
-0.02826536462856155 0.5999614923902867
100000
6.557591604358919 -87.13507182155686
-0.5358092326384976 -0.2300301631616709
100000
59.704305563123796 -3.5770729031639377
0.5636282020466945 -0.5219885369663914
100000
9.728424856760483 91.19848467166838
0.3303160862764374 -0.14071359666607874
100000
-93.47719594541167 -3.282319423221878
0.7283982893649887 -0.6125381917102667
100000
61.16786901739053 -68.56107903864215
-0.10618853727338373 -0.15487750461070637
100000
-65.26854982907513 -17.298660661085123
-0.15709300391002456 0.6419704203310344
100000
-26.634258205872868 -73.09829463229826
-0.3270356208414027 0.19858057239621574
100000
-82.1112794735047 -19.431211115259913
-0.4637500294878722 -0.17706014834508677
100000
-83.34797078412035 -23.581206763995382
-0.6128285050499896 0.6410406012817713
100000
65.32170050836189 21.93517797859667
0.19397265796844054 -0.09227216316148756
100000
-39.563376918930125 -49.4366749801296
-0.5707631620031249 -0.6467300457961838
100000
-70.9007478722256 -70.63259258968307
0.5233928039932916 -0.20103868386663581
100000
97.4825279378664 19.128228268578667
-0.03446287924075353 -0.6065536638965471
100000
-74.97238935175889 -38.248686911947935
-0.21646272052698734 0.387932725318181
100000
-27.560696151112523 29.464263799174148
0.17846482342629177 -0.4134288062795518
100000
-25.673799787449767 79.66221633468831
-0.12832809803398182 0.3599682357849452
100000
-68.15582207172284 -38.923715509461765
-0.5303204043041816 0.6083235258514106
100000
12.623444722703695 -10.43718297351137
-0.18170994727435885 0.16728262427391483
100000
40.45581732254945 -23.758813970365253
0.7235383212250222 -0.6844340569305492
100000
-29.972093001757287 -65.58208793270617
-0.765881672032223 0.1684829561562472
100000
30.92396778977306 41.89819144578891
0.6261537584479266 -0.06648632389511833
100000
-27.58497377072476 27.02688250441969
-0.2821281223253189 -0.14640181648608264
100000
-72.77618074098793 -12.406909334966329
0.7830530125261177 0.1499065149684995
100000
-16.65170741047082 88.30181563372369
-0.45060235429546547 -0.08119001523306912
100000
47.68550395159616 17.977944068013542
0.6487421699808615 -0.6789304663306486
100000
5.982485615448226 -17.587950603973695
-0.3097422808244947 0.49100649322073187
100000
85.59026170010196 -3.3833119542531023
0.6253915250625837 0.4253195787957298
100000
-28.581419272343027 -25.350779810917402
-0.3751810864522135 0.14619215968231936
100000
-96.43507181400474 51.14842348243104
0.2667354629721572 -0.008585533639117293
100000
69.95118908845615 -96.90773411046274
-0.7653873764510921 0.4493315007295984
100000
-79.0237107731243 20.853466185738398
-0.6071339032180696 -0.07015084293944174
100000
-24.701946107040612 -94.90732960998002
0.7923203016982887 0.19386509655172457
100000
46.284585712002325 -51.738585443789646
-0.6282841361514425 -0.15386871391801193
100000
42.37270702587182 -21.525602237359394
-0.7255481050448801 0.271371440030985
100000
0.9830695768901165 46.49322330471847
-0.45746127686550797 0.02621605284879036
100000
-45.24482116699533 -83.8374740447307
0.30512238442426054 0.5713491275325475
100000
27.080129197233788 -13.061084550891394
0.08330318316171625 0.3127935117546192
100000
-44.11891462177358 -17.403389499334025
0.051003812229444945 0.054247040974358285
100000
-53.7850032568123 90.18279570978862
0.2679330587164883 -0.5295259023199703
100000
39.67380457284864 -57.292577086834044
0.4147547448975104 0.7850428143029831
100000
41.82315180952281 64.40190830264487
0.5117250461598892 0.3281796137546631
100000
95.28168022556935 -41.877041626325415
-0.3030781980668767 0.4926060999352322
100000
-4.382470878959339 32.290255060757744
0.17427367543665606 0.18072601737219318
100000
-0.8058720697871564 -2.510385073704583
0.18062912929644226 -0.4447346657391574
100000
-52.21269467424816 -54.78014381549296
-0.18296495851695982 -0.7835808841442069
100000
-52.916240760643404 -48.72536561352312
0.6428282282181603 0.3315470254475166
100000
-34.734321857688684 57.20076271037101
-0.04825570917789723 -0.16968387266218576
100000
-1.7348881344129126 95.1092396661235
-0.19112523312383445 0.2780786722977848
100000
26.66284214654067 89.18180921247549
0.5473127741011079 0.3146864053413394
100000
-52.420335839157 -18.37068983590268
0.6351172160995846 0.13518678355976532
100000
35.70135899328369 -26.38283119137101
-0.3467742571092526 0.2009883395261114
100000
21.61870570188576 -11.172315101747273
-0.6175242625519488 0.16541563978356622
100000
-27.52517857138419 76.35829591388335
-0.021162271211927708 0.3371266860379174
100000
51.44446735923049 -53.09296686432909
-0.29260958007700066 0.20868366194476495
100000
98.25735742255506 -92.05166598888776
0.3440331234317271 0.6851770628258655
100000
20.648446809585536 -56.48825490579619
0.5150006822559652 -0.7881131805593982
100000
90.18063742924741 21.049381183418888
0.6017655537374773 0.563504268292143
100000
-56.53925329658067 27.199306413834762
0.5504145381997032 -0.09049236783882775
100000
12.622436574396872 -59.56375505517977
0.4588456304880777 0.49688755172333376
100000
4.905853652329384 -19.90910956295609
0.25627115411519785 -0.20141122445865778
100000
90.91488884707698 26.258242849533175
0.7538606807782424 0.27833402081958725
100000
4.093855636397279 -55.77804072296797
0.47222492255499837 0.24123298362470758
100000
-34.09615573848943 -1.7964783764045933
0.2668366346354225 -0.2546160693250519
100000
-84.2378105414351 -93.423447337858
0.7388746204472978 -0.3422785737778769
100000
79.78048629248863 6.151810151008135
0.07405927716107796 -0.7656570001509769
100000
56.317093323286684 90.67878263714218
-0.5997712761208324 0.41762862816686996
100000
-20.988889605477894 -70.97567801253821
0.18320139888174847 0.10674984670103826
100000
-77.22053461886782 89.45781570289446
-0.23316553804864115 -0.49451580936045403
100000
35.9893452105986 40.61217981850851
0.27010428598563263 0.6718677450778168
100000
-47.31956733627558 -28.952433995273537
-0.6090272050943141 -0.21459306524320654
100000
37.56509926402964 74.71578354272495
-0.07626048141622166 0.4599307865316671
100000
54.46883726265938 -36.62481992175193
0.3434623341064136 0.10725714774108808
100000
13.052772546626997 -21.94016375018859
0.4832683758919971 0.27965596187648645
100000
27.290009664121968 68.00538960521229
-0.5309258634846771 0.5635667912788607
100000
-53.217725622635115 72.90531128521587
-0.5613074230256272 -0.13531984842974032
100000
36.19195397412446 49.55244473457597
-0.1172683090086547 0.19263101100315116
100000
-50.48953298800449 -23.737231181466626
-0.06445218154366861 0.2935343502694845
100000
33.95650024737819 81.6571758982002
0.14828794279476587 0.2697998073758132
100000
71.41973410990514 1.4917134469943534
-0.5239616741859634 0.768869317232487
100000
24.209528301906857 51.96637457763802
0.21917084835102263 -0.680388255208672
100000
34.631622998050574 -49.82236116123631
-0.2736283388834284 -0.26465545873173413
100000
38.22851481334081 -24.57262699363592
0.35617276017136823 0.22628470539777412
100000
-51.7514118183968 -47.24466615243878
-0.7646095452187187 -0.5152935279953855
100000
-37.86062095647207 16.655083154386304
-0.5046685159845721 -0.18132448383692457
100000
96.29034654275694 55.6420176247444
0.2739455533465236 -0.7602733964866426
100000
-87.50388733267881 -21.03887729668172
0.08874139833060002 -0.5631037261861433
100000
75.8989905956108 16.409375825279767
0.055608662919867546 0.40966490027412017
100000
-42.84187235057084 32.34475615211804
-0.03181143614939097 -0.2878793989843417
100000
72.94204852191498 83.80831475311868
-0.33482062161988185 0.24712807770393352
100000
-41.70964550499712 -55.56322208683395
0.09545707038950879 -0.11101400055124522
100000
49.41327374129207 -78.55272642802092
0.471394006519124 0.6623634281209576
100000
90.28904967559072 -50.45066578725699
0.779340014252903 -0.141591825939558
100000
59.97048184040534 -71.49898178937973
0.721078606283378 0.6245010238261004
100000
35.29443430675926 -13.473389347424018
-5.214111106721653e-05 -0.20542327789340098
100000
42.54422141478187 -40.83197623180881
0.7384655874167796 0.1903952130955544
100000
-24.762328202564717 -3.77433262539148
0.5277644213594268 -0.6082030740256803
100000
44.96615084703524 0.8410084620102225
-0.46986876641386743 -0.03980093078063174
100000
-0.029730691507097617 94.54173102818686
-0.4269630031653138 0.025849759410772166
100000
-84.95644374674521 -88.32025526639127
0.5009411531491479 -0.7669170701864343
100000
36.74119124453341 -17.192380638236955
-0.09547457058485498 0.5158864021705221
100000
67.22024833773699 22.60793550151368
-0.2118266279406319 -0.2969357650970894
100000
88.0919035107735 -11.17211951622663
-0.5298524028150378 -0.06482844144926059
100000
13.61620357063667 91.48132562583791
0.4517562255630465 -0.46213874324003135
100000
47.079734758800726 -94.75227211638378
0.2587938121003195 0.7176722349251039
100000
16.610336957025453 -20.22008045104775
0.10400913118397859 0.5658420256948244
100000
50.40894046253601 -82.18168598766135
0.04502887406311251 0.4589654980749591
100000
65.43245145419584 34.07018847364449
0.5650447828985501 -0.20564695456490634
100000
-31.109691210021623 57.320950617896074
0.3588060193687064 0.442609202490309
100000
73.2568940068931 2.661594546317829
0.7559866794935697 0.6004043557140926
100000
-75.18032648384356 10.1588712194266
-0.31705943105446033 -0.3230704041693276
